2.771,3.6663,1
4.4218,4.0638,0
3.6747,3.9196,1
4.7188,2.5272,0
4.3145,5.6244,0
2.4528,1.9502,0
2.7441,4.0434,1
4.2472,3.251,0
2.5829,4.7411,1
2.9248,4.0743,1
2.551,1.8281,0
3.4173,5.3769,1
4.0753,3.246,0
2.3911,2.5564,0
2.4981,3.2273,0
3.9537,4.6041,0
4.7102,3.6472,0
3.9524,1.2143,1
1.6271,5.4464,0
2.9316,3.6629,0
3.3145,4.991,0
3.0728,5.0842,1
2.4711,4.4614,1
1.2442,4.0965,0
4.2069,5.4293,0
4.0616,2.5649,0
3.7233,3.3423,1
2.6222,2.7135,0
1.6855,3.5285,0
3.5835,2.515,0
2.1387,5.3223,0
2.7603,4.1708,1
4.2497,4.5365,0
3.9615,4.6013,0
2.6709,5.6858,0
3.3662,3.3415,1
2.3372,2.611,0
2.2158,2.8834,0
2.8019,4.549,1
1.713,4.1729,0
4.8883,4.2797,0
3.5039,4.2235,1
2.2376,3.7023,1
2.993,2.2795,0
3.9605,4.1988,1
2.8262,5.6043,0
2.7701,2.8154,0
3.7778,5.0107,0
4.4765,5.3774,0
3.8688,3.1592,0
3.1358,3.9734,1
3.5305,4.2622,1
3.0232,5.0995,1
2.5517,5.0953,0
2.3415,4.1285,0
2.2148,4.1361,1
2.153,3.457,0
3.0109,4.1898,1
1.4116,2.2319,0
2.872,4.5261,1
1.4868,6.3039,0
2.7316,5.126,0
2.0797,2.5089,0
3.1458,5.2994,0
3.9731,2.3359,0
1.32,5.2682,0
2.2514,4.0556,1
2.251,2.5084,0
2.5393,2.9013,0
2.8062,4.2001,1
2.071,4.9611,0
2.7437,3.2272,1
3.9933,2.8736,0
3.144,3.3333,1
2.5009,4.7384,1
3.3054,4.8944,1
3.5439,4.0782,1
1.2234,5.4508,0
2.8252,3.8803,1
4.9867,4.6259,0
3.0574,3.0536,1
3.1748,4.2812,0
4.5763,4.2343,0
1.7951,3.5432,0
3.8531,3.6404,1
2.6927,4.6613,1
3.248,4.9056,1
3.6027,2.8295,0
2.7923,3.4608,1
2.364,5.3765,0
3.642,4.6058,0
2.8769,6.0284,0
3.1087,3.6478,1
3.5965,3.8234,1
3.9013,3.7958,0
2.7518,3.841,0
2.0267,5.1525,0
3.4261,5.036,0
4.3106,8.0904,0
2.38,5.3457,0
3.4994,1.8815,0
4.4143,3.3359,0
2.9272,4.2704,0
3.3306,3.292,1
2.8897,3.6727,1
2.0752,3.9095,1
2.1991,3.5545,1
1.7693,2.1884,0
2.8319,4.0239,0
4.8029,3.0165,0
3.2337,4.3008,1
4.6281,1.4899,0
2.102,4.1438,1
2.5005,3.8258,0
4.7343,4.364,0
1.641,3.4671,0
1.6962,2.9075,0
4.9966,3.8366,0
3.9846,4.2272,0
3.2352,3.1067,1
3.0637,2.905,0
4.1156,3.5583,0
3.6501,2.2966,1
3.7521,2.1708,0
4.4362,2.1141,0
4.2858,4.3205,0
3.2396,4.1728,1
1.6507,4.0591,0
4.3703,7.2289,0
1.9985,4.4506,0
0.50675,4.6358,0
3.3802,3.8097,1
3.149,2.3771,0
2.4116,5.3093,1
3.1492,5.165,0
4.3853,4.452,0
3.3449,1.9628,0
2.7125,4.6868,1
3.1047,4.3365,0
1.341,6.133,0
1.5111,4.0634,0
1.9308,3.3083,1
1.8557,3.0617,1
5.2075,3.6961,0
3.5709,3.5622,1
3.9882,5.0777,0
2.7107,6.2628,0
2.2682,2.7737,0
3.7971,3.8099,1
3.4094,3.7871,1
2.5758,2.213,0
1.2073,4.1754,0
5.0884,3.4955,0
5.0204,3.3888,0
1.9296,5.1819,0
4.2478,4.6595,0
2.7053,3.2728,1
2.3807,4.8676,0
1.9617,3.6304,0
2.5426,3.3808,1
3.1663,3.9843,1
1.5652,2.9848,0
3.1147,3.5948,1
1.4636,3.4832,0
2.8284,3.7171,1
2.0429,3.8791,1
4.2551,5.9737,0
2.2975,4.7716,0
2.7747,3.509,1
3.4275,4.9411,0
2.7923,4.8235,1
2.4227,4.9537,0
1.2341,4.0496,0
2.6059,2.6569,0
4.141,4.6206,0
3.4188,4.3645,0
1.8406,3.0028,0
3.9557,5.8722,0
2.8617,3.6535,1
3.7398,4.8348,0
3.1517,2.9839,0
0.68003,5.4072,0
1.9336,3.7302,0
4.5969,3.4691,0
2.8099,4.8508,1
2.3882,3.7658,1
3.2725,5.7029,0
3.5743,5.8353,0
2.273,4.1213,1
3.306,6.4802,0
1.7326,3.4023,0
2.3166,3.1628,0
2.3744,2.7238,0
3.1886,2.759,0
4.9166,4.4217,0
3.5965,3.5877,1
2.0886,4.7608,0
1.3215,4.3057,0
2.2163,3.3674,0
4.4939,3.5549,0
3.5215,3.1435,1
1.9126,4.2099,0
4.3327,3.7611,1
2.1543,4.8273,0
2.9634,0.97153,0
2.2982,5.8293,1
2.9871,2.8759,0
2.3145,4.8284,0
2.2577,2.1427,0
2.2574,4.6603,1
5.0343,2.7926,0
0.9941,6.3407,0
4.0231,4.0364,1
2.5367,4.0997,1
3.5512,3.2053,1
4.0344,3.6179,0
1.5332,4.0332,0
3.7406,4.0238,1
2.7453,3.8266,1
1.9694,2.6665,0
2.9681,2.8297,0
2.9079,4.4321,1
3.308,4.428,1
3.4036,3.1567,1
2.6946,5.7296,1
3.7484,4.0243,1
3.3078,5.4636,0
4.2741,3.303,0
4.4238,5.6024,1
2.5094,4.2576,1
2.7234,4.6542,1
4.0701,2.7243,0
5.0273,4.0845,0
4.2974,5.8804,0
2.9991,4.024,1
3.2117,4.0818,0
4.6095,4.9413,0
1.8774,4.7048,0
2.7541,3.9126,1
2.2081,4.2993,1
4.3971,4.7397,1
1.7496,4.0062,0
2.4788,2.9795,0
3.0605,5.1393,1
3.3302,4.2276,1
2.603,4.0692,1
1.9837,5.1372,0
2.6688,2.2141,0
2.6742,5.2093,0
1.8149,4.1708,0
1.6618,4.5052,1
3.2039,4.9546,1
3.6946,2.4062,0
3.5337,5.9272,0
2.9999,3.8654,1
2.3735,1.7281,0
1.3412,2.3585,0
1.9908,5.2727,0
2.3788,4.1801,1
2.7025,3.9461,1
3.2431,4.3113,1
3.2207,3.024,1
3.8185,4.365,1
3.3405,3.4899,1
1.5989,4.2616,0
3.7768,5.6005,1
1.916,4.6315,0
2.5172,5.4041,0
2.2507,5.1783,0
3.6181,4.1003,1
1.2211,3.8293,0
3.5752,4.7109,1
2.2353,2.8321,0
2.1106,3.8701,1
1.6325,4.5416,0
2.1304,4.5568,0
1.7278,3.3915,0
2.0512,4.2279,1
4.1317,4.0076,0
2.7645,2.8434,0
1.8926,3.0831,0
4.1354,3.5663,0
3.5608,5.0683,0
3.3353,4.725,1
2.4081,5.3243,0
3.6265,4.8805,0
2.3071,4.3361,1
2.1681,4.0317,1
2.3479,4.2059,1
2.4999,5.3071,0
3.4825,4.2686,1
3.8603,5.0241,0
0.95835,3.9662,0
2.4967,1.9092,1
1.514,3.6839,0
4.1639,4.1329,0
4.5667,3.335,0
2.3108,3.9532,1
3.8313,2.4958,0
3.5172,3.3267,1
3.3548,3.1996,1
3.8891,3.7718,1
3.7202,4.4601,0
3.206,4.5664,1
2.2399,5.0467,0
4.4885,5.0085,0
1.9748,3.5644,1
2.8938,5.5347,1
2.6367,4.0933,1
3.9901,3.0117,0
4.1782,3.057,0
4.2877,3.044,0
4.4026,2.7135,0
1.5772,5.2959,0
3.3605,3.7372,0
3.0088,5.0125,0
2.3687,3.4865,1
3.1819,5.4287,0
2.6843,4.3472,1
1.7602,3.0555,0
2.1935,4.7979,0
2.0334,4.6039,0
2.0994,2.4406,0
2.8657,2.6043,0
3.1969,4.1387,1
2.0158,3.2979,0
1.446,3.4795,1
1.9432,4.7641,0
3.6053,4.2985,1
3.8615,5.0527,0
1.5745,4.2958,1
3.3479,5.4587,0
2.5438,3.6478,1
2.0641,4.1413,1
3.2796,3.9362,1
1.6059,4.1328,1
1.6182,2.9083,0
2.6131,4.6954,1
0.67508,3.3612,0
2.1831,2.9884,0
1.653,6.563,0
1.2101,2.9635,1
2.1069,1.7038,0
3.0338,3.7083,1
2.6773,3.1216,0
5.1905,5.8086,0
2.8202,4.5082,1
2.1029,4.276,1
3.7004,3.5952,1
3.6108,3.9417,1
2.0478,2.1907,0
2.8744,3.3424,1
1.8162,5.1008,0
2.6191,2.7997,0
2.6698,3.2225,1
5.0961,4.5112,0
3.6705,4.318,0
1.81,4.7836,0
1.5466,4.9304,0
2.2771,3.6706,1
3.336,6.3731,0
4.8658,3.8631,0
2.378,4.886,0
2.8196,3.8651,0
1.4053,4.2594,0
4.2009,2.5466,0
3.5854,4.372,1
3.8751,3.7041,1
3.7289,2.523,0
0.90896,4.2787,0
4.1185,1.6839,0
2.9302,4.3845,1
2.3811,5.0169,0
2.5361,3.3819,1
4.0848,4.4285,1
4.9005,4.3177,0
4.0135,3.3329,1
4.8091,4.0863,0
2.4542,2.8148,0
1.4707,4.6872,1
2.605,4.9765,0
1.9164,3.9708,0
1.8881,3.4709,0
2.6201,5.9875,0
1.4975,2.272,1
2.0908,5.437,0
2.8861,4.8888,1
3.1091,5.1269,0
2.2048,5.3095,1
2.7311,1.4886,0
2.9672,4.4704,1
2.6382,4.0388,1
3.6992,4.0383,1
2.0907,3.2754,0
3.453,2.3777,0
4.5014,3.0336,0
4.6691,4.3725,0
2.4751,4.0597,1
3.5002,4.5892,1
2.02,4.7818,0
3.4684,2.8889,1
1.3279,3.985,0
1.2747,4.5048,0
2.0792,3.174,0
1.165,5.4611,0
3.5002,4.8784,0
3.0707,3.6214,1
3.9881,4.0922,1
3.3072,4.6208,1
3.6503,3.3455,1
2.013,2.114,0
3.8674,4.4295,1
2.9723,4.0706,1
2.342,2.7895,0
4.1382,5.3645,0
3.7458,4.5242,1
2.8124,3.9492,1
3.2766,4.5696,1
2.6239,4.0988,0
2.1531,3.3896,0
3.2094,2.2865,0
2.7286,3.5714,1
2.6101,4.3472,1
3.3622,3.0151,0
2.523,2.9824,0
2.673,5.3531,0
4.6667,4.6819,0
0.72808,4.7221,1
2.234,1.8514,0
1.73,3.4491,0
5.0369,5.2133,0
2.7434,4.3392,1
4.6377,1.9554,0
3.1785,4.8876,1
3.0617,4.0893,1
1.8225,5.0526,0
1.9267,2.2535,0
2.9291,4.9058,1
2.3768,3.5731,1
5.0675,4.4431,0
1.8574,2.0038,0
4.3913,4.5301,0
3.4248,1.6132,0
2.6592,4.3185,0
1.9656,4.0057,0
2.2521,4.0637,1
2.3216,4.861,0
1.6499,3.5979,0
4.5247,3.59,0
2.1855,4.195,1
1.7828,5.3941,0
3.0169,3.5322,1
3.0201,3.2875,1
1.6166,2.5552,0
2.5255,5.5976,0
3.2433,4.7167,1
4.2867,4.419,1
2.6489,5.4398,0
3.922,4.2269,1
1.3812,3.315,0
2.5937,3.628,1
3.172,4.6675,1
0.58165,5.9639,0
3.2246,4.7073,1
2.3764,3.7388,1
1.8883,3.9936,0
4.1753,4.4234,0
3.2944,3.7097,1
2.2467,2.4532,0
2.6318,3.2569,1
1.5586,3.2989,1
1.947,2.9223,1
4.3656,3.4735,0
5.0058,4.0569,0
3.7591,3.0296,0
2.263,3.7013,1
3.3434,4.8733,1
2.4574,4.5013,1
2.2951,4.4466,1
3.9883,3.8442,0
4.9935,4.5005,1
3.2756,3.2924,1
3.9828,3.8741,1
2.3038,1.721,0
2.732,4.3179,1
2.6612,1.9941,1
4.3264,3.2466,0
2.5524,5.3096,0
3.0235,5.6714,0
3.6044,5.5631,0
2.57,2.9092,0
2.0719,3.2365,0
2.7794,3.862,1
2.2825,4.0421,1
2.4564,3.9025,1
3.8744,4.7765,0
2.8885,4.0114,1
3.8212,5.0367,0
1.6379,4.3752,0
2.9026,4.2712,0
1.7568,3.5283,0
2.9868,4.4559,1
1.8259,4.8948,0
3.3217,5.3605,0
3.8303,4.5713,0
2.5728,2.4418,0
3.1648,5.8504,0
3.8575,3.4443,0
3.6551,4.705,1
3.0465,1.1594,0
1.3442,6.4635,0
2.5513,2.8337,1
1.0089,3.2962,0
2.6249,3.6623,0
3.8817,4.3061,1
3.4737,2.9409,0
5.4266,4.9903,0
2.8071,1.9738,0
3.7075,3.9722,1
3.1087,4.1057,1
2.0625,3.6914,1
3.0313,2.1804,0
2.4299,4.3265,1
2.0779,3.0445,0
2.3971,4.6563,1
2.7995,3.7626,1
5.6436,4.8139,1
2.4711,4.7164,1
2.3082,4.2597,1
2.2763,4.2434,1
2.9987,3.7553,1
4.1477,4.6982,0
1.8391,3.101,0
0.54536,3.8566,0
2.9144,3.8833,1
3.9964,3.5724,0
0.58549,3.5883,1
3.7708,3.4439,0
4.2507,4.539,0
3.1742,5.4566,0
1.0403,5.1091,0
3.02,2.6869,0
3.5643,4.1316,1
3.8319,4.3942,1
3.709,3.1394,0
3.7333,3.841,1
4.1254,4.6771,0
1.8016,3.0319,0
4.0345,3.9685,0
1.2429,4.9179,0
3.0534,3.9013,0
3.3269,5.0597,0
4.0957,4.4643,0
2.0217,3.3268,0
3.1819,5.4761,0
4.3352,4.1897,0
3.3937,2.6166,0
3.7556,3.2151,0
2.9683,2.9835,1
2.4046,1.6832,0
4.0071,3.8886,1
3.6056,4.224,1
4.0884,4.4935,0
2.5463,4.468,1
3.0547,4.4513,1
4.0458,3.2318,0
1.9351,2.8939,0
3.5661,4.3286,1
3.4737,3.3461,1
4.5526,4.1242,0
4.9682,3.4208,0
4.3092,3.7624,0
1.8746,5.0651,1
1.3635,3.3898,0
1.6582,1.4642,0
3.7247,3.6122,1
2.4703,4.1795,1
1.9281,5.1163,0
2.8118,3.6761,1
2.8957,3.9866,1
1.6383,4.5237,0
3.025,4.6167,1
1.9101,5.0946,0
2.1645,3.1154,0
3.9029,4.549,0
2.4648,3.4196,0
2.3015,4.1048,1
4.5,5.3037,0
4.0277,3.4946,0
3.4349,5.5333,0
3.3119,3.9584,1
2.0924,3.4226,0
2.3187,4.685,1
3.7853,2.9977,0
3.0602,3.5456,1
2.4589,3.6539,1
5.0707,3.1273,0
2.4104,4.6312,1
2.3318,4.976,0
2.5053,3.3416,0
0.61395,4.7832,0
3.5232,2.974,0
4.0573,4.5559,0
3.537,3.1429,0
1.7983,3.1377,0
1.7558,5.0418,0
3.872,3.5919,1
2.3615,2.8276,0
4.1542,4.0475,0
1.8658,3.0032,0
3.5367,2.1562,0
2.0365,3.6767,0
2.4655,2.2593,0
2.3225,3.8412,1
4.2523,1.6048,0
3.8007,3.2313,0
3.194,3.6473,0
4.2876,3.6611,0
2.0421,4.082,1
1.2846,2.7942,0
3.4361,4.1409,1
3.0607,4.1736,1
3.0681,3.2908,1
2.0744,7.5805,0
3.708,5.1861,0
3.4988,4.9251,0
1.6777,4.0139,0
2.9558,2.1364,0
4.2088,3.1415,0
2.9075,3.399,0
5.0257,4.2526,0
3.0719,3.1922,0
2.7535,4.2205,1
1.7183,4.8069,0
3.0208,3.6788,1
3.5974,2.7272,0
4.8868,4.1505,0
2.1896,4.3753,1
2.7898,2.5797,0
3.0775,5.2022,0
3.3354,3.9591,1
3.4301,3.3031,1
4.4799,3.5407,0
3.7109,4.9198,0
2.4402,4.0005,1
5.4032,3.8726,0
2.4493,3.3333,1
3.4246,4.3029,1
4.4923,2.9665,0
4.56,4.2037,0
1.9911,7.4088,0
2.8282,3.9275,1
2.226,3.3775,1
2.8606,4.8046,1
2.845,3.2732,1
1.7272,3.3786,0
3.379,3.7533,1
3.4202,3.8704,1
2.8054,4.2195,1
2.5541,4.4987,1
2.6618,4.1021,1
0.7835,3.0942,0
1.8265,3.6656,0
2.0892,3.7143,1
3.1516,3.699,1
3.2231,5.382,0
2.5804,6.382,0
3.584,3.3923,1
3.2523,4.0728,1
3.8537,4.4327,1
2.9604,5.3387,0
3.0945,4.1884,1
3.621,3.8525,1
3.0306,4.4441,1
4.0699,2.6674,0
2.378,4.2455,1
3.4593,3.5823,1
2.85,2.3026,0
3.4346,3.3852,1
2.164,3.7049,0
3.7983,3.899,1
0.59277,3.3767,0
2.3076,4.6754,1
5.1643,4.1605,0
4.6554,2.7319,0
3.069,2.6434,0
1.991,4.8356,0
2.4169,4.6364,1
2.3162,3.2019,0
3.5609,3.0018,0
4.6452,3.7446,0
2.8645,3.8739,0
2.9471,4.064,1
2.841,5.5008,0
4.2492,5.4298,0
2.7204,3.2711,1
3.3156,4.7707,1
1.9968,4.9038,0
3.7361,4.8726,0
1.7553,4.6305,0
3.4571,4.4546,1
2.0627,3.6585,1
6.1217,3.3506,0
3.2497,4.2807,1
2.1881,4.6358,0
2.7995,4.6602,1
4.2755,2.5084,0
3.0157,3.5512,1
1.438,4.4653,0
3.8051,3.9953,1
2.8014,3.6371,0
2.0586,3.7675,1
4.4032,3.1086,0
3.1968,5.0711,1
1.9338,3.7502,0
4.6529,2.9066,0
4.1106,4.1547,0
1.6854,3.0281,0
3.2281,4.2121,0
3.7811,3.7993,1
2.2406,4.8773,0
3.4062,2.6275,0
2.8791,3.8827,1
2.7867,4.2423,1
1.963,3.2162,0
4.3459,3.9941,0
3.4809,4.5466,1
2.9595,2.8506,0
3.2003,4.5125,1
4.4204,5.3587,0
2.7705,4.036,1
2.3097,2.1951,0
3.4025,3.6254,1
3.9057,5.6735,0
2.6159,3.2534,1
1.7165,5.0277,0
1.2861,3.6441,0
1.8678,3.197,0
4.5351,4.0549,0
3.9897,3.669,0
1.8296,4.7944,0
2.8116,3.6737,1
3.3106,2.5755,0
2.3385,3.5816,0
3.3304,2.8074,0
2.283,5.5615,0
1.8878,4.6827,0
2.04,4.5567,0
3.6121,5.0584,1
2.5681,4.0519,1
2.6161,3.6262,1
2.9628,1.8972,0
2.0243,5.3607,1
2.4611,3.589,1
3.6558,4.4393,1
3.9936,3.9525,1
2.9697,4.4539,1
3.2298,3.7784,0
2.2254,3.3207,1
2.5188,4.6846,1
2.5935,5.4283,0
3.5237,2.7414,0
2.7523,5.6962,1
4.1456,5.8878,0
1.9784,4.7455,0
3.3023,4.9771,0
2.3539,3.103,0
3.0264,4.7373,1
3.121,4.3939,1
0.85414,5.3087,0
2.792,5.1076,0
2.307,3.9803,1
4.9678,4.5861,0
4.0464,4.7248,1
2.8347,3.1341,1
2.4202,4.7901,1
2.7828,3.8533,1
3.2401,4.0684,1
4.0212,4.9322,1
2.9098,4.495,1
3.8393,5.2783,0
2.7026,3.38,1
4.155,3.4701,0
2.5547,3.6499,1
1.8906,3.8088,0
4.1408,4.1638,0
3.9331,3.2931,0
2.4794,6.2963,0
2.4103,4.4276,1
4.3814,5.6118,0
2.6957,3.3488,1
3.1954,3.0466,0
4.1588,2.9614,0
3.033,4.5535,1
2.0448,4.4868,0
2.7269,3.1702,1
4.1578,2.0388,0
2.2962,2.6383,0
4.1412,4.0197,0
2.8419,4.7391,1
2.0315,5.7401,0
2.1073,4.6892,0
3.9095,4.7476,0
3.3323,3.8172,1
3.2708,3.289,1
1.5177,2.0495,0
4.1944,4.3776,0
2.8688,2.6786,0
3.4161,1.3648,0
4.3425,5.203,0
1.8361,3.9199,0
3.4286,4.4028,1
1.6707,2.8506,0
1.0771,3.7856,0
4.29,4.1275,0
3.0766,6.2387,0
3.4311,4.6623,1
1.9948,3.2877,1
3.354,3.7034,1
2.2115,2.8801,0
3.4838,5.0872,0
2.1363,3.606,1
3.3749,5.3356,0
5.7224,3.707,0
3.8322,3.8922,0
2.531,2.9117,1
2.7649,3.1899,0
1.4828,5.107,0
3.1093,5.0236,0
4.0577,3.9248,0
4.1568,5.1699,0
2.3645,4.264,1
3.3676,2.636,0
3.3064,3.0724,1
3.0561,3.2221,1
2.2945,3.636,1
2.2759,4.2026,1
3.0044,4.1833,1
2.5813,3.3479,1
2.5722,4.3135,1
3.532,2.9678,0
3.7144,4.315,1
2.9444,2.1259,0
3.3106,3.8435,1
4.2482,4.9103,0
2.4158,4.1445,1
3.3706,5.3919,1
3.5008,3.7431,1
2.7555,4.1937,1
2.7647,3.5506,1
2.9804,3.7301,1
2.2445,4.69,0
4.4726,4.3869,0
3.0051,2.4721,0
2.2356,3.9091,1
2.6771,4.5099,1
4.4578,3.5065,0
1.2151,2.9844,0
3.5217,4.2173,1
3.8515,4.7033,1
3.7453,4.9931,0
1.6272,6.4792,0
4.792,5.1106,0
2.6951,4.4815,1
3.2899,4.5697,1
2.3808,4.8189,1
2.9513,4.6086,0
1.6282,3.7266,0
2.6347,2.2561,0
2.1964,4.0187,1
2.7267,2.5167,0
3.3401,3.8176,0
3.0601,3.4907,1
3.9516,3.8276,1
3.1073,5.5965,1
0.27313,5.1954,0
2.5077,5.971,0
4.1179,3.585,1
4.0498,2.2038,0
4.9844,5.2967,0
2.2581,4.478,1
4.3398,4.1815,0
3.1706,2.7247,0
3.707,4.0781,1
3.3167,3.1231,1
3.4321,3.8086,1
3.2269,3.2509,1
2.5601,3.4688,1
0.62222,5.6369,0
1.7609,5.985,0
1.4541,3.4636,0
2.5211,3.4732,0
0.53613,4.6981,0
3.3491,4.8022,1
3.9713,2.42,0
1.5086,3.2202,0
2.8798,2.8565,0
2.4901,4.463,1
2.5256,5.2856,0
3.8009,3.6242,1
2.7747,4.6078,1
2.4274,3.2584,1
1.8988,3.5513,0
3.1049,5.2782,0
3.293,4.1994,0
3.1063,4.5566,1
3.3532,4.8804,1
3.7323,2.9361,0
4.028,4.8427,1
2.4107,3.2436,1
3.0878,4.9814,1
3.4569,4.8929,0
3.0532,5.3479,1
3.3431,4.4382,1
1.9775,4.7677,0
3.6242,3.5666,1
2.5158,2.5238,0
2.8206,3.49,1
4.9482,4.6894,1
2.9177,3.5423,1
3.3045,4.1233,1
0.5267,5.0738,0
3.8877,5.573,0
4.6041,3.9229,0
1.8442,3.1681,0
2.7764,3.2909,1
2.258,5.884,0
0.99363,2.1519,1
1.6416,4.2081,0
2.9559,3.6766,1
3.021,3.9103,1
3.6911,2.2223,0
2.6576,2.5338,1
2.6669,5.5835,1
4.5547,2.2453,0
2.2706,5.516,0
2.1917,3.6869,1
3.5056,3.7571,1
3.5588,3.6322,1
2.9662,3.0769,1
3.0181,4.7018,1
2.3186,3.6596,1
4.2242,4.3821,0
3.2076,4.9608,1
3.7527,4.3407,1
4.1217,3.9688,0
3.7099,5.3006,0
0.92714,2.8232,0
4.0785,3.0236,0
2.4614,3.8163,1
3.098,2.1535,0
3.1703,4.5927,1
1.288,3.4174,0
4.5189,3.6589,0
3.3093,3.4273,1
3.6991,5.9874,0
2.8605,3.3918,0
3.5218,3.9839,1
2.9668,3.5008,1
2.7288,4.1626,1
4.0639,4.0463,0
2.9344,4.7382,1
1.907,2.81,0
3.5682,3.6533,1
2.228,2.1838,0
2.3853,4.2642,1
2.4495,4.9377,0
4.1158,4.4085,0
3.1413,3.1628,1
1.8899,4.5135,0
2.6745,3.4697,1
3.5938,3.8392,1
2.8214,4.4863,1
2.5137,2.3706,0
0.85737,3.1093,0
1.8046,3.5537,0
2.9867,4.2653,1
1.1913,3.7743,0
2.5215,3.8419,1
2.4864,3.517,1
2.3143,5.8305,0
2.0585,4.3204,1
3.8433,3.0297,0
1.3074,4.4182,0
3.7257,1.8645,0
2.7025,4.9104,1
2.7285,1.8411,0
3.631,4.5974,1
3.4918,2.3215,0
6.1224,3.7816,0
1.6012,2.6868,0
3.7887,4.2276,1
4.0954,3.3273,0
3.684,3.5552,1
3.2065,5.7272,0
3.6232,2.989,0
0.21816,4.8489,0
3.7912,3.2333,0
3.3752,3.5994,1
3.9381,5.27,0
